0)"[0,1]
0)I[1,1]
0) [0,1]
0)m[0,1]
0)u[1,1]
0)s[0,1]
0)t[0,1]
0) [0,1]
0)n[0,1]
0)o[1,1]
0)t[0,1]
0) [0,1]
0)f[0,1]
0)e[1,1]
0)a[0,1]
0)r[0,1]
0).[0,1]
1)[0,0]
1)F[0,1]
1)e[1,1]
1)a[0,1]
1)r[0,1]
1) [0,1]
1)i[0,1]
1)s[1,1]
1) [0,1]
1)t[0,1]
1)h[1,1]
1)e[0,1]
1) [0,1]
1)m[0,1]
1)i[1,1]
1)n[0,1]
1)d[0,1]
1)-[0,1]
1)k[0,1]
1)i[0,1]
1)l[0,1]
1)l[0,1]
1)e[0,1]
1)r[0,1]
1).[0,1]
2)[0,0]
2)F[0,1]
2)e[1,1]
2)a[0,1]
2)r[0,1]
2) [0,1]
2)i[0,1]
2)s[1,1]
2) [0,1]
2)t[0,1]
2)h[1,1]
2)e[0,1]
2) [0,1]
2)l[0,1]
2)i[1,1]
2)t[0,1]
2)t[0,1]
2)l[0,1]
2)e[0,1]
2)-[0,1]
2)d[0,1]
2)e[0,1]
2)a[0,1]
2)t[0,1]
2)h[0,1]
2) [0,1]
2)t[0,1]
2)h[1,1]
2)a[0,1]
2)t[0,1]
2) [0,1]
2)b[0,1]
2)r[1,1]
2)i[0,1]
2)n[0,1]
2)g[0,1]
2)s[0,1]
2) [0,1]
2)t[0,1]
2)o[1,1]
2)t[0,1]
2)a[0,1]
2)l[0,1]
2) [0,1]
2)o[0,1]
2)b[1,1]
2)l[0,1]
2)i[0,1]
2)t[0,1]
2)e[0,1]
2)r[0,1]
2)a[0,1]
2)t[0,1]
2)i[0,1]
2)o[0,1]
2)n[0,1]
2).[0,1]
3)[0,0]
3)I[0,1]
3) [1,1]
3)w[0,1]
3)i[1,1]
3)l[0,1]
3)l[0,1]
3) [0,1]
3)f[0,1]
3)a[1,1]
3)c[0,1]
3)e[0,1]
3) [0,1]
3)m[0,1]
3)y[1,1]
3) [0,1]
3)f[0,1]
3)e[1,1]
3)a[0,1]
3)r[0,1]
3).[0,1]
4)[0,0]
4)I[0,1]
4) [1,1]
4)w[0,1]
4)i[1,1]
4)l[0,1]
4)l[0,1]
4) [0,1]
4)p[0,1]
4)e[1,1]
4)r[0,1]
4)m[0,1]
4)i[0,1]
4)t[0,1]
4) [0,1]
4)i[0,1]
4)t[1,1]
4) [0,1]
4)t[0,1]
4)o[1,1]
4) [0,1]
4)p[0,1]
4)a[1,1]
4)s[0,1]
4)s[0,1]
4) [0,1]
4)o[0,1]
4)v[1,1]
4)e[0,1]
4)r[0,1]
4) [0,1]
4)m[0,1]
4)e[1,1]
4) [0,1]
4)a[0,1]
4)n[1,1]
4)d[0,1]
4) [0,1]
4)t[0,1]
4)h[1,1]
4)r[0,1]
4)o[0,1]
4)u[0,1]
4)g[0,1]
4)h[0,1]
4) [0,1]
4)m[0,1]
4)e[1,1]
4).[0,1]
5)[0,0]
5)A[0,1]
5)n[1,1]
5)d[0,1]
5) [0,1]
5)w[0,1]
5)h[1,1]
5)e[0,1]
5)n[0,1]
5) [0,1]
5)i[0,1]
5)t[1,1]
5) [0,1]
5)h[0,1]
5)a[1,1]
5)s[0,1]
5) [0,1]
5)g[0,1]
5)o[1,1]
5)n[0,1]
5)e[0,1]
5) [0,1]
5)p[0,1]
5)a[1,1]
5)s[0,1]
5)t[0,1]
5) [0,1]
5)I[0,1]
5) [1,1]
5)w[0,1]
5)i[1,1]
5)l[0,1]
5)l[0,1]
5) [0,1]
5)t[0,1]
5)u[1,1]
5)r[0,1]
5)n[0,1]
5) [0,1]
5)t[0,1]
5)h[1,1]
5)e[0,1]
5) [0,1]
5)i[0,1]
5)n[1,1]
5)n[0,1]
5)e[0,1]
5)r[0,1]
5) [0,1]
5)e[0,1]
5)y[1,1]
5)e[0,1]
5) [0,1]
5)t[0,1]
5)o[1,1]
5) [0,1]
5)s[0,1]
5)e[1,1]
5)e[0,1]
5) [0,1]
5)i[0,1]
5)t[1,1]
5)s[0,1]
5) [0,1]
5)p[0,1]
5)a[1,1]
5)t[0,1]
5)h[0,1]
5).[0,1]
6)[0,0]
6)W[0,1]
6)h[1,1]
6)e[0,1]
6)r[0,1]
6)e[0,1]
6) [0,1]
6)t[0,1]
6)h[1,1]
6)e[0,1]
6) [0,1]
6)f[0,1]
6)e[1,1]
6)a[0,1]
6)r[0,1]
6) [0,1]
6)h[0,1]
6)a[1,1]
6)s[0,1]
6) [0,1]
6)g[0,1]
6)o[1,1]
6)n[0,1]
6)e[0,1]
6) [0,1]
6)t[0,1]
6)h[1,1]
6)e[0,1]
6)r[0,1]
6)e[0,1]
6) [0,1]
6)w[0,1]
6)i[1,1]
6)l[0,1]
6)l[0,1]
6) [0,1]
6)b[0,1]
6)e[1,1]
6) [0,1]
6)n[0,1]
6)o[1,1]
6)t[0,1]
6)h[0,1]
6)i[0,1]
6)n[0,1]
6)g[0,1]
6).[0,1]
6).[0,1]
6).[0,1]
6) [0,1]
6)o[0,1]
6)n[1,1]
6)l[0,1]
6)y[0,1]
6) [0,1]
6)I[0,1]
6) [1,1]
6)w[0,1]
6)i[1,1]
6)l[0,1]
6)l[0,1]
6) [0,1]
6)r[0,1]
6)e[1,1]
6)m[0,1]
6)a[0,1]
6)i[0,1]
6)n[0,1]
6)"[0,1]
7)[0,0]
7) [0,1]
7) [0,1]
7) [0,1]
7) [0,1]
7) [0,1]
7) [0,1]
7)L[0,1]
7)i[1,1]
7)t[0,1]
7)a[0,1]
7)n[0,1]
7)y[0,1]
7) [0,1]
7)A[0,1]
7)g[1,1]
7)a[0,1]
7)i[0,1]
7)n[0,1]
7)s[0,1]
7)t[0,1]
7) [0,1]
7)F[0,1]
7)e[1,1]
7)a[0,1]
7)r[0,1]
7),[0,1]
7) [0,1]
7)D[0,1]
7)u[1,1]
7)n[0,1]
7)e[0,1]
7) [0,1]
7)b[0,1]
7)y[1,1]
7) [0,1]
7)F[0,1]
7)r[1,1]
7)a[0,1]
7)n[0,1]
7)k[0,1]
7) [0,1]
7)H[0,1]
7)e[1,1]
7)r[0,1]
7)b[0,1]
7)e[0,1]
7)r[0,1]
7)t[0,1]
8)[0,0]
9)[0,0]
9)H[0,1]
9)o[1,1]
9)w[0,1]
9) [0,1]
9) [0,1]
9) [0,1]
9) [0,1]
9) [0,1]
9) [0,1]
9)a[0,1]
9)b[1,1]
9)o[0,1]
9)u[0,1]
9)t[0,1]
9) [0,1]
9) [0,1]
9) [0,1]
9) [0,1]
9)e[0,1]
9)x[1,1]
9)t[0,1]
9)r[0,1]
9)a[0,1]
9) [0,1]
9)s[0,1]
9)p[1,1]
9)*[0,1]
9)a[0,1]
9)*[0,1]
9)c[0,1]
9)e[0,1]
9)s[0,1]
9)?[0,1]
9) [0,1]
9)0[0,1]
9) [1,1]
9)1[0,1]
9) [1,1]
9)2[0,1]
9) [1,1]
9)3[0,1]
9) [1,1]
9)4[0,1]
9) [1,1]
9)5[0,1]
9) [1,1]
9)6[0,1]
9) [1,1]
9)7[0,1]
9) [1,1]
9)8[0,1]
9) [1,1]
9)9[0,1]
9) [1,1]
9)1[0,1]
9)0[1,1]
9) [0,1]
9)1[0,1]
9)1[1,1]
9) [0,1]
9) [0,1]
10)[0,0]
10) [0,1]
10) [0,1]
10)S[0,1]
10)t[1,1]
10)a[0,1]
10)r[0,1]
10)t[0,1]
10) [0,1]
10)a[0,1]
10)n[1,1]
10)d[0,1]
10) [0,1]
10)e[0,1]
10)n[1,1]
10)d[0,1]
10) [0,1]
10)w[0,1]
10)i[1,1]
10)t[0,1]
10)h[0,1]
10) [0,1]
10)s[0,1]
10)p[1,1]
10)a[0,1]
10)c[0,1]
10)e[0,1]
10)s[0,1]
10) [0,1]
10) [0,1]
10) [0,1]
10) [0,1]
10) [0,1]
10) [0,1]
10) [0,1]
10) [0,1]
10) [0,1]
10) [0,1]
10) [0,1]
10) [0,1]
11)[0,0]
11)T[0,1]
11)a[1,1]
11)b[0,1]
11)s[0,1]
11)?[0,1]
11)	[0,1]
11)o[0,1]
11)n[1,1]
11)e[0,1]
11)	[0,1]
11)	[0,1]
11)t[0,1]
11)w[1,1]
11)o[0,1]
11)	[0,1]
11).[0,1]
12)[1,0]
12)o[0,1]
12)n[1,1]
12)e[0,1]
12)W[0,1]
12)o[0,1]
12)r[0,1]
12)d[0,1]
12)_[0,1]
12)a[0,1]
12)l[0,1]
12)l[0,1]
12)A[0,1]
12)l[0,1]
12)o[0,1]
12)n[0,1]
12)e[0,1]
13)[0,0]
Line 13 has the most words (94)
Line 13 has the most characters (481)
13 lines, 94 words, 481 characters
